0.0  1.0
0.05 0.906046772545
0.1  0.823413441347
0.15 0.751022775852
0.2  0.687900057545
0.25 0.633163324641
0.3  0.586014545118
0.35 0.545731629739
0.4  0.511661205147
0.45 0.483212074676
0.5  0.459849301464
0.55 0.441088854623
0.6  0.42649276489
0.65 0.415664741293
0.7  0.408246204927
0.75 0.403912700186
0.8  0.402370647493
0.85 0.403354405066
0.9  0.406623610277
0.95 0.411960774028
1.0  0.419169104046
1.05 0.428070535316
1.1  0.438503947953
1.15 0.450323554654
1.2  0.463397441612
1.25 0.47760624828
1.3  0.492841972768
1.35 0.509006890925
1.4  0.526012578282
1.45 0.543779025071
1.5  0.56223383546
1.55 0.581311502992
1.6  0.600952754973
1.65 0.621103959252
1.7  0.64171658745
1.75 0.662746729278
1.8  0.684154653059
1.85 0.705904408088
1.9  0.72796346482
1.95 0.750302389307
2.0  0.772894548611
